Profiling Results of 'sum_to_n.c'

add : 5.88235%
alloca : 14.7059%
br : 11.7647%
call : 20.5882%
icmp : 2.94118%
load : 17.6471%
ret : 5.88235%
store : 20.5882%
